/* -*- buffer-read-only: t -*-
   !!!!!!!   DO NOT EDIT THIS FILE   !!!!!!!
   This file is built by regen_perly.pl from perly.y.
   Any changes made here will be lost!
 */

#define YYFINAL  16
/* YYLAST -- Last index in YYTABLE.  */
#define YYLAST   3122

/* YYNTOKENS -- Number of terminals.  */
#define YYNTOKENS  111
/* YYNNTS -- Number of nonterminals.  */
#define YYNNTS  93
/* YYNRULES -- Number of rules.  */
#define YYNRULES  283
/* YYNSTATES -- Number of states.  */
#define YYNSTATES  558

/* YYTRANSLATE[YYX] -- Symbol number corresponding to YYX as returned
   by yylex, with out-of-bounds checking.  */
#define YYUNDEFTOK  2
#define YYMAXUTOK   343

#define YYTRANSLATE(YYX)                                                \
  ((unsigned int) (YYX) <= YYMAXUTOK ? yytranslate[YYX] : YYUNDEFTOK)

/* YYTRANSLATE[TOKEN-NUM] -- Symbol number corresponding to TOKEN-NUM
   as returned by yylex, without out-of-bounds checking.  */
static const yytype_uint8 yytranslate[] =
{
       0,     2,     2,     2,     2,     2,     2,     2,     2,     2,
       2,     2,     2,     2,     2,     2,     2,     2,     2,     2,
       2,     2,     2,     2,     2,     2,     2,     2,     2,     2,
       2,     2,     2,    94,     2,     2,   108,    17,    18,     2,
     106,   105,   109,    15,    83,    14,    20,   110,     2,     2,
       2,     2,     2,     2,     2,     2,     2,     2,    86,   107,
       2,    19,     2,    85,    16,     2,     2,     2,     2,     2,
       2,     2,     2,     2,     2,     2,     2,     2,     2,     2,
       2,     2,     2,     2,     2,     2,     2,     2,     2,     2,
       2,    12,     2,    13,     2,     2,     2,     2,     2,     2,
       2,     2,     2,     2,     2,     2,     2,     2,     2,     2,
       2,     2,     2,     2,     2,     2,     2,     2,     2,     2,
       2,     2,     2,    10,     2,    11,    95,     2,     2,     2,
       2,     2,     2,     2,     2,     2,     2,     2,     2,     2,
       2,     2,     2,     2,     2,     2,     2,     2,     2,     2,
       2,     2,     2,     2,     2,     2,     2,     2,     2,     2,
       2,     2,     2,     2,     2,     2,     2,     2,     2,     2,
       2,     2,     2,     2,     2,     2,     2,     2,     2,     2,
       2,     2,     2,     2,     2,     2,     2,     2,     2,     2,
       2,     2,     2,     2,     2,     2,     2,     2,     2,     2,
       2,     2,     2,     2,     2,     2,     2,     2,     2,     2,
       2,     2,     2,     2,     2,     2,     2,     2,     2,     2,
       2,     2,     2,     2,     2,     2,     2,     2,     2,     2,
       2,     2,     2,     2,     2,     2,     2,     2,     2,     2,
       2,     2,     2,     2,     2,     2,     2,     2,     2,     2,
       2,     2,     2,     2,     2,     2,     1,     2,     3,     4,
       5,     6,     7,     8,     9,    21,    22,    23,    24,    25,
      26,    27,    28,    29,    30,    31,    32,    33,    34,    35,
      36,    37,    38,    39,    40,    41,    42,    43,    44,    45,
      46,    47,    48,    49,    50,    51,    52,    53,    54,    55,
      56,    57,    58,    59,    60,    61,    62,    63,    64,    65,
      66,    67,    68,    69,    70,    71,    72,    73,    74,    75,
      76,    77,    78,    79,    80,    81,    82,    84,    87,    88,
      89,    90,    91,    92,    93,    96,    97,    98,    99,   100,
     101,   102,   103,   104
};

#if YYDEBUG
  /* YYRLINE[YYN] -- Source line where rule number YYN was defined.  */
static const yytype_uint16 yyrline[] =
{
       0,   122,   122,   121,   133,   132,   143,   142,   156,   155,
     169,   168,   182,   181,   192,   191,   204,   212,   220,   224,
     232,   238,   239,   249,   250,   259,   263,   267,   274,   284,
     286,   299,   296,   320,   315,   336,   344,   343,   352,   358,
     364,   369,   371,   373,   380,   388,   390,   387,   407,   412,
     419,   418,   433,   441,   447,   454,   453,   468,   472,   477,
     485,   503,   504,   509,   511,   513,   515,   517,   519,   521,
     524,   530,   531,   536,   547,   548,   554,   560,   561,   566,
     569,   573,   578,   582,   586,   587,   591,   597,   602,   607,
     608,   613,   614,   619,   620,   622,   627,   629,   641,   642,
     647,   649,   653,   673,   674,   676,   682,   747,   749,   755,
     757,   761,   767,   768,   773,   774,   778,   782,   782,   850,
     851,   856,   867,   868,   871,   882,   884,   886,   888,   892,
     894,   899,   903,   907,   911,   917,   922,   928,   934,   936,
     938,   941,   940,   951,   952,   957,   961,   964,   969,   974,
     977,   981,   985,   991,   999,  1006,  1012,  1014,  1016,  1021,
    1023,  1025,  1030,  1032,  1034,  1036,  1038,  1040,  1042,  1044,
    1046,  1048,  1050,  1055,  1057,  1060,  1062,  1064,  1067,  1070,
    1081,  1084,  1091,  1093,  1095,  1097,  1099,  1102,  1108,  1110,
    1114,  1126,  1127,  1128,  1129,  1130,  1132,  1134,  1136,  1138,
    1140,  1142,  1144,  1146,  1148,  1150,  1152,  1154,  1156,  1158,
    1209,  1219,  1229,  1239,  1241,  1243,  1246,  1251,  1255,  1257,
    1259,  1261,  1264,  1266,  1269,  1271,  1273,  1275,  1277,  1279,
    1281,  1283,  1285,  1288,  1290,  1292,  1294,  1296,  1298,  1302,
    1305,  1304,  1317,  1318,  1319,  1323,  1325,  1327,  1332,  1334,
    1337,  1339,  1341,  1346,  1348,  1353,  1354,  1359,  1360,  1366,
    1370,  1371,  1372,  1375,  1376,  1379,  1380,  1383,  1387,  1391,
    1397,  1403,  1405,  1409,  1413,  1414,  1418,  1419,  1423,  1424,
    1429,  1431,  1433,  1436
};
#endif

#if YYDEBUG || YYERROR_VERBOSE || 0
/* YYTNAME[SYMBOL-NUM] -- String name of the symbol SYMBOL-NUM.
   First, the terminals, then, starting at YYNTOKENS, nonterminals.  */
static const char *const yytname[] =
{
  "$end", "error", "$undefined", "GRAMPROG", "GRAMEXPR", "GRAMBLOCK",
  "GRAMBARESTMT", "GRAMFULLSTMT", "GRAMSTMTSEQ", "GRAMSUBSIGNATURE", "'{'",
  "'}'", "'['", "']'", "'-'", "'+'", "'@'", "'%'", "'&'", "'='", "'.'",
  "BAREWORD", "METHOD", "FUNCMETH", "THING", "PMFUNC", "PRIVATEREF",
  "QWLIST", "FUNC0OP", "FUNC0SUB", "UNIOPSUB", "LSTOPSUB", "PLUGEXPR",
  "PLUGSTMT", "LABEL", "FORMAT", "SUB", "SIGSUB", "ANONSUB", "ANON_SIGSUB",
  "PACKAGE", "USE", "WHILE", "UNTIL", "IF", "UNLESS", "ELSE", "ELSIF",
  "CONTINUE", "FOR", "GIVEN", "WHEN", "DEFAULT", "LOOPEX", "DOTDOT",
  "YADAYADA", "FUNC0", "FUNC1", "FUNC", "UNIOP", "LSTOP", "RELOP", "EQOP",
  "MULOP", "ADDOP", "DOLSHARP", "DO", "HASHBRACK", "NOAMP", "LOCAL", "MY",
  "REQUIRE", "COLONATTR", "FORMLBRACK", "FORMRBRACK", "SUBLEXSTART",
  "SUBLEXEND", "RBRACKADV", "PREC_LOW", "OROP", "DOROP", "ANDOP", "NOTOP",
  "','", "ASSIGNOP", "'?'", "':'", "OROR", "DORDOR", "ANDAND", "BITOROP",
  "BITANDOP", "SHIFTOP", "MATCHOP", "'!'", "'~'", "UMINUS", "REFGEN",
  "POWOP", "PREINC", "PREDEC", "POSTINC", "POSTDEC", "POSTJOIN", "ARROW",
  "')'", "'('", "';'", "'$'", "'*'", "'/'", "$accept", "grammar", "@1",
  "@2", "@3", "@4", "@5", "@6", "@7", "block", "formblock", "remember",
  "mblock", "mremember", "stmtseq", "formstmtseq", "fullstmt",
  "labfullstmt", "barestmt", "$@8", "$@9", "$@10", "$@11", "$@12", "@13",
  "$@14", "formline", "formarg", "sideff", "else", "cont", "mintro",
  "nexpr", "texpr", "iexpr", "mexpr", "mnexpr", "formname", "startsub",
  "startanonsub", "startformsub", "subname", "proto", "subattrlist",
  "myattrlist", "sigvarname", "sigslurpsigil", "sigslurpelem",
  "sigdefault", "sigscalarelem", "sigelem", "siglist", "siglistornull",
  "optsubsignature", "subsignature", "subsigguts", "$@15", "optsubbody",
  "subbody", "optsigsubbody", "sigsubbody", "expr", "listexpr", "listop",
  "@16", "method", "subscripted", "termbinop", "termunop", "anonymous",
  "termdo", "slicestart", "term", "@17", "myattrterm", "myterm",
  "optlistexpr", "optexpr", "optrepl", "my_scalar", "my_var",
  "refgen_topic", "my_refgen", "amper", "scalar", "ary", "hsh", "arylen",
  "star", "sliceme", "kvslice", "gelem", "indirob", YY_NULLPTR
};
#endif

# ifdef YYPRINT
/* YYTOKNUM[NUM] -- (External) token number corresponding to the
   (internal) symbol number NUM (which must be that of a token).  */
static const yytype_uint16 yytoknum[] =
{
       0,   256,   257,   258,   259,   260,   261,   262,   263,   264,
     123,   125,    91,    93,    45,    43,    64,    37,    38,    61,
      46,   265,   266,   267,   268,   269,   270,   271,   272,   273,
     274,   275,   276,   277,   278,   279,   280,   281,   282,   283,
     284,   285,   286,   287,   288,   289,   290,   291,   292,   293,
     294,   295,   296,   297,   298,   299,   300,   301,   302,   303,
     304,   305,   306,   307,   308,   309,   310,   311,   312,   313,
     314,   315,   316,   317,   318,   319,   320,   321,   322,   323,
     324,   325,   326,    44,   327,    63,    58,   328,   329,   330,
     331,   332,   333,   334,    33,   126,   335,   336,   337,   338,
     339,   340,   341,   342,   343,    41,    40,    59,    36,    42,
      47
};
# endif

#define YYPACT_NINF -483

#define yypact_value_is_default(Yystate) \
  (!!((Yystate) == (-483)))

#define YYTABLE_NINF -279

#define yytable_value_is_error(Yytable_value) \
  (!!((Yytable_value) == (-279)))

  /* YYPACT[STATE-NUM] -- Index in YYTABLE of the portion describing
     STATE-NUM.  */
static const yytype_int16 yypact[] =
{
     904,  -483,  -483,  -483,  -483,  -483,  -483,  -483,    45,  -483,
    2915,    58,  1535,  1435,  -483,  -483,  -483,  -483,  2033,  2915,
    2915,    31,    31,    31,  -483,    31,    31,  -483,  -483,    59,
      38,  -483,  2915,  -483,  -483,  -483,  -483,  2915,    53,    62,
     -47,  1935,  1835,    31,  1935,  2131,    63,  2915,     4,  2915,
    2915,  2915,  2915,  2915,  2915,  2915,  2229,    31,    31,    23,
      46,  -483,    14,  -483,  -483,  -483,  -483,   142,  1723,  -483,
    -483,    66,    48,    76,   159,  -483,   170,   263,   296,   189,
    -483,  -483,  -483,  -483,  -483,    63,    63,    40,  -483,   107,
     120,   126,   156,    52,   160,   163,    58,    57,  -483,   155,
    -483,   141,  2227,  1435,  -483,  -483,  -483,   634,  -483,    16,
     735,  -483,    54,   407,   407,  -483,  -483,  -483,  -483,  -483,
    -483,  -483,  2915,   166,   226,  2915,   202,   502,    58,   287,
     238,  1723,   207,  2327,  2915,  1835,  -483,   502,   535,    46,
    -483,   453,  2915,  -483,  -483,   502,   308,    97,  -483,  -483,
    2915,   502,  3013,  2425,   248,  -483,  -483,  -483,   502,    46,
     407,   407,   407,   152,   152,   317,   271,  -483,  -483,  2915,
    2915,  2915,  2915,  2915,  2915,  2523,   255,  2915,  2915,  2915,
    2915,  2915,  2915,  2915,  2915,  2915,  2915,  2915,  2915,  2915,
    2915,  2915,  -483,  -483,  -483,   227,  2621,  2915,  2915,  2915,
    2915,  2915,  2915,  2915,  -483,   319,  -483,  -483,   320,  -483,
    -483,  -483,  -483,  -483,   249,    13,  -483,  -483,   241,  -483,
    -483,  -483,  -483,    58,  -483,  -483,  2915,  2915,  2915,  2915,
    2915,  2915,  -483,  -483,  -483,  -483,  -483,   327,   327,  -483,
    -483,  -483,   273,  -483,  -483,  -483,  2915,  2915,   102,  -483,
    -483,  -483,   238,   335,  -483,  -483,  -483,   294,   293,   258,
    2915,    46,  -483,   361,  -483,  2719,   407,   248,    15,    28,
      44,  -483,   353,   354,  -483,  2915,   365,   301,   301,  -483,
    1723,   121,   117,  -483,   398,  -483,  1821,   489,  2073,   466,
     718,  1723,  1623,  1918,  1918,  1976,  2020,  2117,   617,   407,
     407,  2915,  2915,   277,   278,   279,  -483,   281,  2817,    29,
     298,   290,  -483,  -483,   420,   154,   216,   161,    23,   184,
     234,   224,   835,  -483,   383,  -483,  -483,    -9,   389,  2915,
    2915,  2915,  2915,  -483,   295,  -483,  -483,   305,  -483,  -483,
    -483,  -483,  1635,    49,  -483,  2915,  2915,  -483,    23,  -483,
      23,    23,    23,    23,    23,  -483,   329,   329,    16,   309,
     -30,  -483,  2915,  -483,  -483,   311,  -483,  -483,  -483,  -483,
     627,  -483,    69,   632,  -483,  -483,  -483,   237,  2915,   408,
    -483,  -483,  2915,   264,   247,  -483,  -483,  -483,  -483,  -483,
     643,  -483,  -483,  2915,  -483,   409,  -483,   411,   412,  -483,
     414,  -483,  -483,  -483,   287,   238,  -483,  -483,   406,   326,
      23,   330,   332,    23,   333,   336,  -483,  -483,  -483,  -483,
     334,   340,   349,  -483,  2915,   344,   345,  2915,  -483,  -483,
    -483,  -483,  2915,   375,  -483,   431,  -483,  -483,   442,  -483,
    -483,    70,  -483,   286,  -483,   382,   449,  -483,  -483,   356,
    -483,  -483,  -483,  -483,   355,   238,   357,  -483,  2915,  -483,
    -483,   472,   472,  2915,  2915,   472,  -483,   384,   386,   472,
     472,  1723,    23,  -483,  -483,   387,  -483,  -483,  -483,  -483,
     415,   399,  -483,  -483,  -483,  -483,   405,   472,   472,  -483,
      50,    50,   388,   413,   155,  2915,  2915,   472,  -483,  -483,
     935,  -483,  1035,  -483,  -483,  -483,  -483,  1135,  -483,   155,
     155,  -483,   472,   417,  -483,  -483,   472,   472,  -483,   423,
     416,   155,  -483,  -483,    -1,  -483,  -483,  -483,  1235,  -483,
    2915,   155,   155,  -483,   472,  -483,   440,   499,  -483,  -483,
     419,  -483,  -483,  -483,   155,  -483,  -483,  -483,   472,  1735,
    -483,  1335,    50,   422,  -483,  -483,   472,  -483
};

  /* YYDEFACT[STATE-NUM] -- Default reduction number in state STATE-NUM.
     Performed when YYTABLE does not specify something else to do.  Zero
     means the default is an error.  */
static const yytype_uint16 yydefact[] =
{
       0,     2,     4,     6,     8,    10,    12,    14,     0,    18,
     255,     0,     0,     0,    21,   117,     1,    21,     0,     0,
       0,     0,     0,     0,   242,     0,     0,   213,   240,   201,
     235,   237,   231,    87,   244,    87,    87,   223,   233,     0,
       0,   226,   253,     0,     0,     0,     0,     0,     0,   229,
       0,     0,     0,     0,     0,     0,     0,     0,     0,   256,
     128,   243,   208,   191,   192,   193,   194,     0,   131,   198,
       5,   214,   203,   206,   205,   207,   204,     0,     0,     0,
      18,     7,    63,    29,    88,     0,     0,     0,    86,     0,
       0,     0,     0,     0,     0,     0,     0,     0,    59,    74,
       9,     0,    64,     0,    11,    26,    25,     0,    15,   112,
       0,   183,     0,   173,   174,   280,   283,   282,   281,   269,
     270,   267,   253,     0,     0,     0,     0,   232,     0,    91,
      93,   224,     0,     0,   255,   255,   227,   228,   280,   254,
     138,   281,     0,   271,   189,   188,     0,     0,    89,    90,
     253,   199,     0,     0,   246,   250,   252,   251,   230,   225,
     175,   176,   196,   180,   181,   202,     0,   268,   273,     0,
       0,     0,   129,     0,     0,     0,     0,     0,     0,     0,
       0,     0,     0,     0,     0,     0,     0,     0,     0,     0,
       0,     0,   177,   178,   179,     0,     0,     0,     0,     0,
       0,     0,     0,     0,    21,    85,    86,    86,     0,    36,
      18,    18,    18,    18,    18,     0,    18,    18,     0,    18,
      18,    42,    58,     0,    54,    57,     0,     0,     0,     0,
       0,     0,    28,    27,    22,   100,   101,    98,    98,   108,
     107,   111,   113,   118,   182,   136,   255,     0,     0,   236,
     141,    92,    93,    95,    18,   234,   238,     0,     0,     0,
       0,   132,   185,     0,   217,     0,   197,     0,   203,   206,
     205,   249,     0,    97,   245,     0,   200,   126,   127,   125,
     130,     0,     0,   155,     0,   209,   168,   164,   165,   161,
     162,   159,     0,   170,   171,   169,   167,   166,   163,   172,
     160,     0,     0,   275,   277,     0,   143,     0,     0,     0,
     279,   135,   144,   215,     0,     0,     0,     0,   190,     0,
       0,     0,     0,    84,     0,    31,    33,     0,     0,    79,
       0,     0,     0,   265,     0,   266,   263,     0,   264,   260,
     261,   262,     0,     0,    18,     0,     0,    75,    67,    68,
      81,    65,    66,    69,    70,    99,   103,   103,   109,     0,
     257,   157,   253,    18,    94,   114,   187,   239,   140,   139,
       0,   184,   202,     0,   247,   248,    96,     0,     0,     0,
     148,   154,     0,     0,     0,   219,   220,   221,   272,   152,
       0,   218,   222,   255,   216,     0,   146,     0,     0,   210,
       0,    16,    18,    30,    91,    93,    18,    35,     0,     0,
      80,     0,     0,    82,     0,     0,   259,    18,    78,    83,
       0,     0,    64,    50,     0,     0,     0,   104,   106,   102,
     110,   137,     0,     0,   142,     0,   186,   117,     0,   115,
     133,   200,   158,     0,   151,   195,     0,   147,   153,     0,
     149,   211,   212,   145,     0,    93,    18,    55,   253,    76,
      76,     0,     0,     0,     0,     0,    45,     0,     0,     0,
       0,   105,   258,   241,    21,     0,    21,   156,   150,   134,
       0,    18,   123,    34,   122,    21,     0,     0,     0,    20,
      71,    71,     0,     0,    74,    79,     0,     0,    40,    41,
       0,   116,     0,    23,   120,    32,   119,     0,    37,    74,
      74,    21,     0,     0,    38,    39,     0,     0,    53,     0,
       0,    74,   121,   124,     0,    56,    43,    44,     0,    72,
       0,    74,    74,    46,     0,    49,    61,     0,    24,    19,
       0,    48,    52,    76,    74,    21,    60,    17,     0,     0,
      51,     0,    71,     0,    62,    73,     0,    47
};

  /* YYPGOTO[NTERM-NUM].  */
static const yytype_int16 yypgoto[] =
{
    -483,  -483,  -483,  -483,  -483,  -483,  -483,  -483,  -483,    51,
    -483,    -5,  -108,  -483,   -17,  -483,   507,   428,    -4,  -483,
    -483,  -483,  -483,  -483,  -483,  -483,  -483,  -483,  -325,  -482,
    -126,  -411,  -483,    67,   217,  -115,     0,  -483,   -22,    55,
    -483,   173,   157,  -230,   304,   337,  -483,  -483,   215,  -483,
     218,  -483,  -483,  -483,  -483,   136,  -483,  -483,    93,  -483,
     127,    -8,   -37,  -483,  -483,  -483,  -483,  -483,  -483,  -483,
    -483,  -483,    99,  -483,  -483,   433,  -116,  -123,  -483,  -483,
     245,  -483,  -483,   392,    21,   -45,   -41,  -483,  -483,  -483,
    -483,  -483,    -7
};

  /* YYDEFGOTO[NTERM-NUM].  */
static const yytype_int16 yydefgoto[] =
{
      -1,     8,     9,    10,    11,    12,    13,    14,    15,    99,
     403,   365,   490,   511,   107,   524,   234,   105,   106,   404,
     405,   328,   495,   543,   467,   485,   538,   546,   101,   514,
     224,   487,   419,   409,   349,   412,   421,   324,   209,   128,
     205,   150,   252,   254,   274,   356,   238,   239,   428,   240,
     241,   242,   243,   438,   439,   108,   109,   505,   436,   483,
     366,   102,    60,    61,   362,   311,    62,    63,    64,    65,
      66,    67,    68,   124,    69,   154,   140,    70,   433,   415,
     336,   337,   217,    71,    72,    73,    74,    75,    76,    77,
      78,    79,   167
};

  /* YYTABLE[YYPACT[STATE-NUM]] -- What to do in state STATE-NUM.  If
     positive, shift that token.  If negative, reduce the rule whose
     number is the opposite.  If YYTABLE_NINF, syntax error.  */
static const yytype_int16 yytable[] =
{
     110,   406,    59,   156,    17,   139,   245,   157,   100,   515,
     112,   258,   259,   159,   119,   120,   121,   418,   122,   123,
      21,    22,   363,   536,   173,   197,   174,   198,   134,    21,
      22,    23,   235,   236,   264,   142,   143,   147,  -274,    80,
    -274,    80,   118,   118,   118,    16,   118,   118,   166,   488,
     115,   168,   115,   172,  -276,   116,  -276,   116,   197,   135,
     198,   208,    81,   141,   118,    21,    22,   244,    80,   155,
     555,   125,   117,   117,   117,   204,   117,   117,   118,   118,
     432,   275,   378,   335,   148,   139,  -274,  -250,  -274,   149,
     129,   130,   136,   117,   117,   144,   512,   513,   407,   233,
    -252,   152,   169,   170,   171,   261,   537,   269,   117,   117,
     153,   270,    57,   139,   218,   361,  -251,   248,   113,   114,
     175,    57,   214,   359,   237,   257,    59,    59,   260,   172,
     380,   127,   549,   169,   170,   171,   131,    57,   391,    57,
     137,  -249,  -248,   145,   126,   272,   151,   221,   158,   215,
     160,   161,   162,   163,   164,   176,   141,    57,   216,   132,
      57,   277,   278,   279,   222,   281,   282,   284,   133,  -276,
     340,  -276,   196,   268,   341,   456,   169,   170,   171,   250,
    -278,   169,   170,   171,   325,   326,   117,   322,   314,   315,
     316,   317,   318,   319,   320,   321,   169,   170,   171,   203,
     169,   170,   171,   223,   263,   329,   330,   331,   332,   334,
     360,   342,   343,   210,   345,   346,   312,   414,   348,   350,
     351,   352,   353,   354,   418,   481,   211,   420,   379,   396,
     425,   426,   212,   169,   170,   171,   339,   301,    59,   302,
     169,   170,   171,   303,   304,   305,   434,   399,   225,   306,
     442,   266,   370,  -279,  -279,  -279,   195,   373,   206,   207,
     447,   395,   213,   169,   170,   171,   219,   377,   397,   220,
     449,   280,   246,   199,   347,   200,   286,   287,   288,   289,
     290,   291,   292,   293,   294,   295,   296,   297,   298,   299,
     300,   398,   307,   383,   384,   169,   170,   171,   340,   477,
     390,   247,   341,   169,   170,   171,   201,   249,   202,   468,
     253,   251,   255,   169,   170,   171,   169,   170,   171,   262,
     273,   410,   350,   413,   413,   139,   169,   170,   171,   275,
     118,   400,   285,   308,   422,   309,   310,   413,   413,   424,
     323,   327,   486,   169,   170,   171,   333,   344,   492,   493,
     169,   170,   171,   355,   491,   416,   358,   494,   435,   364,
     117,   498,   499,   369,   339,   169,   170,   171,   518,   368,
     443,   446,   371,   169,   170,   171,   276,   378,   376,   509,
     510,   520,   171,   526,   527,    59,   385,   386,   387,   521,
     388,   226,   227,   228,   229,   535,   393,   454,   230,   367,
     231,   457,   402,    57,   529,   541,   542,   392,   531,   532,
     408,   417,   464,   427,   431,   540,   413,   437,   550,   444,
     450,   139,   451,   452,   472,   453,   544,   458,   169,   170,
     171,   459,   169,   170,   171,   460,   177,   461,   462,   465,
     552,   474,   463,   178,   179,   180,   181,   466,   557,   469,
     470,   473,   476,  -203,   -82,   413,   413,   500,   375,   502,
     478,   479,   480,   197,   482,   198,  -203,   183,   507,   184,
     185,   186,   187,   188,   189,   190,   435,   169,   170,   171,
     191,   445,   489,   192,   193,   194,   195,   410,   413,   503,
     496,   497,   501,   516,   528,  -203,  -203,  -203,  -203,   169,
     170,   171,  -203,   381,  -203,   191,   504,  -203,   192,   193,
     194,   195,   508,   545,  -203,  -203,  -203,  -203,   517,   547,
     104,   534,   413,   530,   548,   394,   471,   556,   551,  -203,
     533,   232,  -203,  -203,  -203,  -242,  -203,  -203,  -203,  -203,
    -203,  -203,  -203,  -203,  -203,  -203,  -203,   411,  -242,   553,
    -279,  -203,   180,   181,  -203,  -203,  -203,  -203,  -203,   190,
    -203,   455,   519,  -203,   191,   180,   181,   192,   193,   194,
     195,   374,   429,   475,   506,   357,   430,  -242,  -242,  -242,
    -242,   189,   190,   484,  -242,   267,  -242,   191,   423,  -242,
     192,   193,   194,   195,   189,   190,  -242,  -242,  -242,  -242,
     191,     0,     0,   192,   193,   194,   195,   338,     0,     0,
       0,  -242,     0,     0,  -242,  -242,  -242,     0,  -242,  -242,
    -242,  -242,  -242,  -242,  -242,  -242,  -242,  -242,  -242,     0,
       0,     0,     0,  -242,   -13,    82,  -242,  -242,  -242,  -242,
    -242,     0,  -242,     0,    80,  -242,    18,     0,    19,    20,
      21,    22,    23,     0,     0,    24,    25,    26,    27,    28,
       0,    29,    30,    31,    32,    33,    34,    83,   103,    84,
      85,    86,    35,    36,    87,    88,    89,    90,    91,    92,
     180,   181,     0,    93,    94,    95,    96,    37,     0,    97,
      38,    39,    40,    41,    42,     0,     0,     0,     0,    43,
      44,    45,    46,    47,    48,    49,   169,   170,   171,     0,
     190,   169,   170,   171,     0,   191,    50,     0,   192,   193,
     194,   195,   169,   170,   171,     0,     0,     0,    51,    52,
       0,    53,   440,    54,    55,    -3,    82,   441,     0,     0,
      56,    98,    57,    58,     0,    80,     0,    18,   448,    19,
      20,    21,    22,    23,     0,     0,    24,    25,    26,    27,
      28,     0,    29,    30,    31,    32,    33,    34,    83,   103,
      84,    85,    86,    35,    36,    87,    88,    89,    90,    91,
      92,   180,     0,     0,    93,    94,    95,    96,    37,     0,
      97,    38,    39,    40,    41,    42,     0,     0,     0,     0,
      43,    44,    45,    46,    47,    48,    49,     0,     0,     0,
       0,   190,     0,     0,     0,     0,   191,    50,     0,   192,
     193,   194,   195,     0,     0,     0,     0,     0,     0,    51,
      52,     0,    53,     0,    54,    55,    82,     0,     0,     0,
       0,    56,    98,    57,    58,    80,   401,    18,     0,    19,
      20,    21,    22,    23,     0,     0,    24,    25,    26,    27,
      28,     0,    29,    30,    31,    32,    33,    34,    83,   103,
      84,    85,    86,    35,    36,    87,    88,    89,    90,    91,
      92,     0,     0,     0,    93,    94,    95,    96,    37,     0,
      97,    38,    39,    40,    41,    42,     0,     0,     0,     0,
      43,    44,    45,    46,    47,    48,    49,     1,     2,     3,
       4,     5,     6,     7,     0,     0,     0,    50,     0,     0,
       0,     0,     0,     0,     0,     0,     0,     0,     0,    51,
      52,     0,    53,     0,    54,    55,    82,     0,     0,     0,
       0,    56,    98,    57,    58,    80,   522,    18,     0,    19,
      20,    21,    22,    23,     0,     0,    24,    25,    26,    27,
      28,     0,    29,    30,    31,    32,    33,    34,    83,   103,
      84,    85,    86,    35,    36,    87,    88,    89,    90,    91,
      92,     0,     0,     0,    93,    94,    95,    96,    37,     0,
      97,    38,    39,    40,    41,    42,     0,     0,     0,     0,
      43,    44,    45,    46,    47,    48,    49,     0,     0,     0,
       0,     0,     0,     0,     0,     0,     0,    50,     0,     0,
       0,     0,     0,     0,     0,     0,     0,     0,     0,    51,
      52,     0,    53,     0,    54,    55,    82,     0,     0,     0,
       0,    56,    98,    57,    58,    80,   523,    18,     0,    19,
      20,    21,    22,    23,     0,     0,    24,    25,    26,    27,
      28,     0,    29,    30,    31,    32,    33,    34,    83,   103,
      84,    85,    86,    35,    36,    87,    88,    89,    90,    91,
      92,     0,     0,     0,    93,    94,    95,    96,    37,     0,
      97,    38,    39,    40,    41,    42,     0,     0,     0,     0,
      43,    44,    45,    46,    47,    48,    49,     0,     0,     0,
       0,     0,     0,     0,     0,     0,     0,    50,     0,     0,
       0,     0,     0,     0,     0,     0,     0,     0,     0,    51,
      52,     0,    53,     0,    54,    55,    82,     0,     0,     0,
       0,    56,    98,    57,    58,    80,   525,    18,     0,    19,
      20,    21,    22,    23,     0,     0,    24,    25,    26,    27,
      28,     0,    29,    30,    31,    32,    33,    34,    83,   103,
      84,    85,    86,    35,    36,    87,    88,    89,    90,    91,
      92,     0,     0,     0,    93,    94,    95,    96,    37,     0,
      97,    38,    39,    40,    41,    42,     0,     0,     0,     0,
      43,    44,    45,    46,    47,    48,    49,     0,     0,     0,
       0,     0,     0,     0,     0,     0,     0,    50,     0,     0,
       0,     0,     0,     0,     0,     0,     0,     0,     0,    51,
      52,     0,    53,     0,    54,    55,    82,     0,     0,     0,
       0,    56,    98,    57,    58,    80,   539,    18,     0,    19,
      20,    21,    22,    23,     0,     0,    24,    25,    26,    27,
      28,     0,    29,    30,    31,    32,    33,    34,    83,   103,
      84,    85,    86,    35,    36,    87,    88,    89,    90,    91,
      92,     0,     0,     0,    93,    94,    95,    96,    37,     0,
      97,    38,    39,    40,    41,    42,     0,     0,     0,     0,
      43,    44,    45,    46,    47,    48,    49,     0,     0,     0,
       0,     0,     0,     0,     0,     0,     0,    50,     0,     0,
       0,     0,     0,     0,     0,     0,     0,     0,     0,    51,
      52,     0,    53,     0,    54,    55,    82,     0,     0,     0,
       0,    56,    98,    57,    58,    80,     0,    18,     0,    19,
      20,    21,    22,    23,     0,     0,    24,    25,    26,    27,
      28,     0,    29,    30,    31,    32,    33,    34,    83,   103,
      84,    85,    86,    35,    36,    87,    88,    89,    90,    91,
      92,     0,     0,     0,    93,    94,    95,    96,    37,     0,
      97,    38,    39,    40,    41,    42,     0,     0,     0,     0,
      43,    44,    45,    46,    47,    48,    49,     0,     0,   554,
       0,     0,     0,     0,     0,     0,     0,    50,     0,     0,
       0,     0,     0,     0,     0,     0,     0,     0,     0,    51,
      52,     0,    53,     0,    54,    55,    82,     0,     0,     0,
       0,    56,    98,    57,    58,    80,     0,    18,     0,    19,
      20,    21,    22,    23,     0,     0,    24,    25,    26,    27,
      28,     0,    29,    30,    31,    32,    33,    34,    83,   103,
      84,    85,    86,    35,    36,    87,    88,    89,    90,    91,
      92,     0,     0,     0,    93,    94,    95,    96,    37,     0,
      97,    38,    39,    40,    41,    42,     0,     0,     0,     0,
      43,    44,    45,    46,    47,    48,    49,     0,     0,     0,
       0,     0,     0,     0,     0,     0,     0,    50,     0,     0,
       0,     0,     0,     0,     0,     0,     0,     0,     0,    51,
      52,     0,    53,     0,    54,    55,    82,     0,     0,     0,
       0,    56,    98,    57,    58,    80,     0,    18,     0,    19,
      20,    21,    22,    23,     0,     0,    24,    25,    26,    27,
      28,     0,    29,    30,    31,    32,    33,    34,    83,     0,
      84,    85,    86,    35,    36,    87,    88,    89,    90,    91,
      92,     0,     0,     0,    93,    94,    95,    96,    37,     0,
      97,    38,    39,    40,    41,    42,     0,     0,     0,     0,
      43,    44,    45,    46,    47,    48,    49,     0,     0,     0,
       0,     0,     0,     0,     0,     0,     0,    50,     0,     0,
       0,     0,     0,     0,     0,     0,     0,     0,     0,    51,
      52,     0,    53,     0,    54,    55,    82,     0,     0,     0,
       0,    56,    98,    57,    58,     0,     0,    18,     0,    19,
      20,    21,    22,    23,     0,     0,    24,    25,    26,    27,
      28,     0,    29,    30,    31,    32,    33,    34,     0,     0,
       0,     0,     0,    35,    36,     0,     0,   177,     0,     0,
       0,     0,     0,     0,   178,   179,   180,   181,    37,     0,
       0,    38,    39,    40,    41,    42,     0,     0,     0,     0,
      43,    44,    45,    46,    47,    48,    49,   182,   183,   382,
     184,   185,   186,   187,   188,   189,   190,    50,     0,     0,
       0,   191,     0,     0,   192,   193,   194,   195,     0,    51,
      52,     0,    53,     0,    54,    55,    82,     0,     0,     0,
       0,    56,   -77,    57,    58,     0,     0,    18,     0,    19,
      20,    21,    22,    23,     0,     0,    24,    25,    26,    27,
      28,     0,    29,    30,    31,    32,    33,    34,     0,     0,
       0,     0,     0,    35,    36,     0,     0,   177,     0,     0,
       0,     0,     0,     0,   178,   179,   180,   181,    37,     0,
       0,    38,    39,    40,    41,    42,     0,     0,     0,     0,
      43,    44,    45,    46,    47,    48,    49,   182,   183,     0,
     184,   185,   186,   187,   188,   189,   190,    50,     0,     0,
       0,   191,     0,     0,   192,   193,   194,   195,     0,    51,
      52,     0,    53,     0,    54,    55,     0,     0,     0,     0,
     -77,    56,     0,    57,    58,    80,     0,    18,     0,    19,
      20,    21,    22,    23,     0,     0,   138,    25,    26,    27,
      28,   116,    29,    30,    31,    32,    33,    34,     0,     0,
       0,     0,     0,    35,    36,  -279,     0,     0,     0,     0,
       0,     0,   178,   179,   180,   181,     0,     0,    37,     0,
       0,    38,    39,    40,    41,    42,     0,     0,     0,     0,
      43,    44,    45,    46,    47,    48,    49,     0,   184,   185,
     186,   187,   188,   189,   190,     0,     0,    50,     0,   191,
       0,     0,   192,   193,   194,   195,     0,     0,     0,    51,
      52,     0,    53,     0,    54,    55,     0,     0,     0,     0,
       0,    56,     0,    57,    58,    80,     0,    18,     0,    19,
      20,    21,    22,    23,     0,     0,    24,    25,    26,    27,
      28,     0,    29,    30,    31,    32,    33,    34,     0,     0,
       0,     0,     0,    35,    36,     0,     0,     0,     0,   178,
     179,   180,   181,     0,     0,     0,     0,     0,    37,     0,
       0,    38,    39,    40,    41,    42,     0,     0,     0,     0,
      43,    44,    45,    46,    47,    48,    49,   186,   187,   188,
     189,   190,     0,     0,     0,     0,   191,    50,     0,   192,
     193,   194,   195,     0,     0,     0,     0,     0,     0,    51,
      52,     0,    53,     0,    54,    55,     0,   178,   179,   180,
     181,    56,     0,    57,    58,    18,   111,    19,    20,    21,
      22,    23,     0,     0,    24,    25,    26,    27,    28,     0,
      29,    30,    31,    32,    33,    34,   187,   188,   189,   190,
       0,    35,    36,     0,   191,     0,     0,   192,   193,   194,
     195,   178,   179,   180,   181,     0,    37,     0,     0,    38,
      39,    40,    41,    42,     0,     0,     0,     0,    43,    44,
      45,    46,    47,    48,    49,     0,     0,     0,     0,     0,
       0,   188,   189,   190,     0,    50,     0,     0,   191,     0,
       0,   192,   193,   194,   195,     0,     0,    51,    52,     0,
      53,     0,    54,    55,   178,  -279,   180,   181,     0,    56,
       0,    57,    58,    18,     0,    19,    20,    21,    22,    23,
       0,     0,    24,    25,    26,    27,    28,     0,    29,    30,
      31,    32,    33,    34,     0,   189,   190,     0,     0,    35,
      36,   191,     0,     0,   192,   193,   194,   195,   178,   179,
     180,   181,     0,     0,    37,     0,     0,    38,    39,    40,
      41,    42,     0,     0,     0,     0,    43,    44,    45,    46,
      47,    48,    49,     0,     0,     0,     0,     0,     0,   189,
     190,     0,     0,    50,     0,   191,     0,     0,   192,   193,
     194,   195,     0,     0,     0,    51,    52,     0,    53,     0,
      54,    55,     0,     0,     0,     0,     0,    56,   146,    57,
      58,    18,     0,    19,    20,    21,    22,    23,     0,     0,
      24,    25,    26,    27,    28,     0,    29,    30,    31,    32,
      33,    34,     0,     0,     0,     0,     0,    35,    36,   226,
     227,   228,   229,     0,     0,     0,   230,     0,   231,     0,
       0,     0,    37,     0,     0,    38,    39,    40,    41,    42,
       0,     0,     0,     0,    43,    44,    45,    46,    47,    48,
      49,     0,     0,     0,     0,     0,   169,   170,   171,     0,
       0,    50,     0,     0,     0,     0,     0,     0,     0,     0,
       0,     0,     0,    51,    52,     0,    53,     0,    54,    55,
       0,     0,     0,     0,   165,    56,     0,    57,    58,    18,
       0,    19,    20,    21,    22,    23,     0,     0,    24,    25,
      26,    27,    28,     0,    29,    30,    31,    32,    33,    34,
       0,     0,     0,     0,     0,    35,    36,     0,     0,     0,
       0,     0,     0,     0,     0,     0,     0,     0,     0,     0,
      37,     0,     0,    38,    39,    40,    41,    42,     0,     0,
       0,     0,    43,    44,    45,    46,    47,    48,    49,     0,
       0,     0,     0,     0,     0,     0,     0,     0,     0,    50,
       0,     0,     0,     0,     0,     0,     0,     0,     0,     0,
       0,    51,    52,     0,    53,     0,    54,    55,     0,     0,
       0,     0,   256,    56,     0,    57,    58,    18,     0,    19,
      20,    21,    22,    23,     0,     0,    24,    25,    26,    27,
      28,     0,    29,    30,    31,    32,    33,    34,     0,     0,
       0,     0,     0,    35,    36,     0,     0,     0,     0,     0,
       0,     0,     0,     0,     0,     0,     0,     0,    37,     0,
       0,    38,    39,    40,    41,    42,     0,     0,     0,     0,
      43,    44,    45,    46,    47,    48,    49,     0,     0,     0,
       0,     0,     0,     0,     0,     0,     0,    50,     0,     0,
       0,     0,     0,     0,     0,     0,     0,     0,     0,    51,
      52,     0,    53,     0,    54,    55,     0,     0,     0,     0,
     271,    56,     0,    57,    58,    18,     0,    19,    20,    21,
      22,    23,     0,     0,    24,    25,    26,    27,    28,     0,
      29,    30,    31,    32,    33,    34,     0,     0,     0,     0,
       0,    35,    36,     0,     0,     0,     0,     0,     0,     0,
       0,     0,     0,     0,     0,     0,    37,     0,     0,    38,
      39,    40,    41,    42,     0,     0,     0,     0,    43,    44,
      45,    46,    47,    48,    49,     0,     0,     0,     0,     0,
       0,     0,     0,     0,     0,    50,     0,     0,     0,     0,
       0,     0,     0,     0,     0,     0,     0,    51,    52,     0,
      53,     0,    54,    55,     0,     0,     0,     0,   283,    56,
       0,    57,    58,    18,     0,    19,    20,    21,    22,    23,
       0,     0,    24,    25,    26,    27,    28,     0,    29,    30,
      31,    32,    33,    34,     0,     0,     0,     0,     0,    35,
      36,     0,     0,     0,     0,     0,     0,     0,     0,     0,
       0,     0,     0,     0,    37,     0,     0,    38,    39,    40,
      41,    42,     0,     0,     0,     0,    43,    44,    45,    46,
      47,    48,    49,     0,     0,     0,     0,     0,     0,     0,
       0,     0,     0,    50,     0,     0,     0,     0,     0,     0,
       0,     0,     0,     0,     0,    51,    52,     0,    53,     0,
      54,    55,     0,     0,     0,     0,   313,    56,     0,    57,
      58,    18,     0,    19,    20,    21,    22,    23,     0,     0,
      24,    25,    26,    27,    28,     0,    29,    30,    31,    32,
      33,    34,     0,     0,     0,     0,     0,    35,    36,     0,
       0,     0,     0,     0,     0,     0,     0,     0,     0,     0,
       0,     0,    37,     0,     0,    38,    39,    40,    41,    42,
       0,     0,     0,     0,    43,    44,    45,    46,    47,    48,
      49,     0,     0,     0,     0,     0,     0,     0,     0,     0,
       0,    50,     0,     0,     0,     0,     0,     0,     0,     0,
       0,     0,     0,    51,    52,     0,    53,     0,    54,    55,
       0,     0,     0,     0,   372,    56,     0,    57,    58,    18,
       0,    19,    20,    21,    22,    23,     0,     0,    24,    25,
      26,    27,    28,     0,    29,    30,    31,    32,    33,    34,
       0,     0,     0,     0,     0,    35,    36,     0,     0,     0,
       0,     0,     0,     0,     0,     0,     0,     0,     0,     0,
      37,     0,     0,    38,    39,    40,    41,    42,     0,     0,
       0,     0,    43,    44,    45,    46,    47,    48,    49,     0,
       0,     0,     0,     0,     0,     0,     0,     0,     0,    50,
       0,     0,     0,     0,     0,     0,     0,     0,     0,     0,
       0,    51,    52,     0,    53,     0,    54,    55,     0,     0,
       0,     0,   389,    56,     0,    57,    58,    18,     0,    19,
      20,    21,    22,    23,     0,     0,    24,    25,    26,    27,
      28,     0,    29,    30,    31,    32,    33,    34,     0,     0,
       0,     0,     0,    35,    36,     0,     0,     0,     0,     0,
       0,     0,     0,     0,     0,     0,     0,     0,    37,     0,
       0,    38,    39,    40,    41,    42,     0,     0,     0,     0,
      43,    44,    45,    46,    47,    48,    49,     0,     0,     0,
       0,     0,     0,     0,     0,     0,     0,    50,     0,     0,
       0,     0,     0,     0,     0,     0,     0,     0,     0,    51,
      52,     0,    53,     0,    54,    55,     0,     0,     0,     0,
       0,    56,     0,    57,    58,    18,     0,    19,    20,    21,
      22,    23,     0,     0,    24,    25,    26,    27,    28,     0,
      29,    30,    31,    32,    33,    34,     0,     0,     0,     0,
       0,    35,    36,     0,     0,     0,     0,     0,     0,     0,
       0,     0,     0,     0,     0,     0,    37,     0,     0,    38,
      39,    40,    41,    42,     0,     0,     0,     0,    43,    44,
      45,    46,    47,    48,    49,     0,     0,     0,     0,     0,
       0,     0,     0,     0,     0,    50,     0,     0,     0,     0,
       0,     0,     0,     0,     0,     0,     0,    51,    52,     0,
      53,     0,    54,    55,     0,     0,     0,     0,     0,   265,
       0,    57,    58
};

static const yytype_int16 yycheck[] =
{
      17,    10,    10,    48,     9,    42,   122,    48,    12,   491,
      18,   134,   135,    50,    21,    22,    23,   342,    25,    26,
      16,    17,   252,    24,    10,    10,    12,    12,    75,    16,
      17,    18,    16,    17,   150,    42,    43,    45,    10,    10,
      12,    10,    21,    22,    23,     0,    25,    26,    56,   460,
      21,    58,    21,    83,    10,    26,    12,    26,    10,   106,
      12,    21,    11,    42,    43,    16,    17,    13,    10,    48,
     552,    12,    21,    22,    23,    80,    25,    26,    57,    58,
     110,    12,    12,    70,    21,   122,    10,    72,    12,    26,
      35,    36,    41,    42,    43,    44,    46,    47,   107,   103,
      72,    97,    79,    80,    81,   142,   107,   152,    57,    58,
     106,   152,   108,   150,    93,    13,    72,   125,    19,    20,
     106,   108,    70,   246,   108,   133,   134,   135,   135,    83,
      13,    32,   543,    79,    80,    81,    37,   108,   109,   108,
      41,    72,    72,    44,   106,   153,    47,    96,    49,    97,
      51,    52,    53,    54,    55,    13,   135,   108,   106,   106,
     108,   169,   170,   171,   107,   173,   174,   175,   106,    10,
     215,    12,   106,   152,   215,   405,    79,    80,    81,   128,
      10,    79,    80,    81,   206,   207,   135,   204,   196,   197,
     198,   199,   200,   201,   202,   203,    79,    80,    81,    10,
      79,    80,    81,    48,   107,   210,   211,   212,   213,   214,
     247,   216,   217,   106,   219,   220,   195,   332,   226,   227,
     228,   229,   230,   231,   549,   455,   106,   342,   107,    13,
     345,   346,   106,    79,    80,    81,   215,    10,   246,    12,
      79,    80,    81,    16,    17,    18,   362,    13,   107,    22,
      13,   152,   260,   101,   102,   103,   104,   265,    85,    86,
      13,   107,   106,    79,    80,    81,   106,   275,   107,   106,
     393,   172,   106,    10,   223,    12,   177,   178,   179,   180,
     181,   182,   183,   184,   185,   186,   187,   188,   189,   190,
     191,   107,    65,   301,   302,    79,    80,    81,   343,    13,
     308,    75,   343,    79,    80,    81,    10,   105,    12,   424,
      72,    24,   105,    79,    80,    81,    79,    80,    81,    11,
      72,   329,   330,   331,   332,   362,    79,    80,    81,    12,
     309,   107,    77,   106,   342,   108,   109,   345,   346,   344,
      21,    21,   458,    79,    80,    81,    97,   106,   463,   464,
      79,    80,    81,    26,   462,   334,    83,   465,   363,    24,
     309,   469,   470,   105,   343,    79,    80,    81,   494,    76,
     378,   107,    11,    79,    80,    81,   105,    12,    24,   487,
     488,   496,    81,   509,   510,   393,   109,   109,   109,   497,
     109,    42,    43,    44,    45,   521,   106,   402,    49,   105,
      51,   406,    19,   108,   512,   531,   532,   109,   516,   517,
      21,   106,   417,    84,   105,   530,   424,   106,   544,    11,
      11,   458,    11,    11,   432,    11,   534,    21,    79,    80,
      81,   105,    79,    80,    81,   105,    54,   105,   105,   105,
     548,    10,   106,    61,    62,    63,    64,   107,   556,   105,
     105,    76,    10,     0,   105,   463,   464,   474,   105,   476,
      11,   105,   107,    10,   107,    12,    13,    85,   485,    87,
      88,    89,    90,    91,    92,    93,   481,    79,    80,    81,
      98,   382,    10,   101,   102,   103,   104,   495,   496,    74,
     106,   105,   105,   105,   511,    42,    43,    44,    45,    79,
      80,    81,    49,   105,    51,    98,   107,    54,   101,   102,
     103,   104,   107,    73,    61,    62,    63,    64,   105,    20,
      13,   105,   530,   106,   105,   105,   427,   105,   545,    76,
     107,   103,    79,    80,    81,     0,    83,    84,    85,    86,
      87,    88,    89,    90,    91,    92,    93,   330,    13,   549,
      61,    98,    63,    64,   101,   102,   103,   104,   105,    93,
     107,   404,   495,   110,    98,    63,    64,   101,   102,   103,
     104,   267,   357,   437,   481,   238,   358,    42,    43,    44,
      45,    92,    93,   456,    49,   152,    51,    98,   343,    54,
     101,   102,   103,   104,    92,    93,    61,    62,    63,    64,
      98,    -1,    -1,   101,   102,   103,   104,   215,    -1,    -1,
      -1,    76,    -1,    -1,    79,    80,    81,    -1,    83,    84,
      85,    86,    87,    88,    89,    90,    91,    92,    93,    -1,
      -1,    -1,    -1,    98,     0,     1,   101,   102,   103,   104,
     105,    -1,   107,    -1,    10,   110,    12,    -1,    14,    15,
      16,    17,    18,    -1,    -1,    21,    22,    23,    24,    25,
      -1,    27,    28,    29,    30,    31,    32,    33,    34,    35,
      36,    37,    38,    39,    40,    41,    42,    43,    44,    45,
      63,    64,    -1,    49,    50,    51,    52,    53,    -1,    55,
      56,    57,    58,    59,    60,    -1,    -1,    -1,    -1,    65,
      66,    67,    68,    69,    70,    71,    79,    80,    81,    -1,
      93,    79,    80,    81,    -1,    98,    82,    -1,   101,   102,
     103,   104,    79,    80,    81,    -1,    -1,    -1,    94,    95,
      -1,    97,   105,    99,   100,     0,     1,   105,    -1,    -1,
     106,   107,   108,   109,    -1,    10,    -1,    12,   105,    14,
      15,    16,    17,    18,    -1,    -1,    21,    22,    23,    24,
      25,    -1,    27,    28,    29,    30,    31,    32,    33,    34,
      35,    36,    37,    38,    39,    40,    41,    42,    43,    44,
      45,    63,    -1,    -1,    49,    50,    51,    52,    53,    -1,
      55,    56,    57,    58,    59,    60,    -1,    -1,    -1,    -1,
      65,    66,    67,    68,    69,    70,    71,    -1,    -1,    -1,
      -1,    93,    -1,    -1,    -1,    -1,    98,    82,    -1,   101,
     102,   103,   104,    -1,    -1,    -1,    -1,    -1,    -1,    94,
      95,    -1,    97,    -1,    99,   100,     1,    -1,    -1,    -1,
      -1,   106,   107,   108,   109,    10,    11,    12,    -1,    14,
      15,    16,    17,    18,    -1,    -1,    21,    22,    23,    24,
      25,    -1,    27,    28,    29,    30,    31,    32,    33,    34,
      35,    36,    37,    38,    39,    40,    41,    42,    43,    44,
      45,    -1,    -1,    -1,    49,    50,    51,    52,    53,    -1,
      55,    56,    57,    58,    59,    60,    -1,    -1,    -1,    -1,
      65,    66,    67,    68,    69,    70,    71,     3,     4,     5,
       6,     7,     8,     9,    -1,    -1,    -1,    82,    -1,    -1,
      -1,    -1,    -1,    -1,    -1,    -1,    -1,    -1,    -1,    94,
      95,    -1,    97,    -1,    99,   100,     1,    -1,    -1,    -1,
      -1,   106,   107,   108,   109,    10,    11,    12,    -1,    14,
      15,    16,    17,    18,    -1,    -1,    21,    22,    23,    24,
      25,    -1,    27,    28,    29,    30,    31,    32,    33,    34,
      35,    36,    37,    38,    39,    40,    41,    42,    43,    44,
      45,    -1,    -1,    -1,    49,    50,    51,    52,    53,    -1,
      55,    56,    57,    58,    59,    60,    -1,    -1,    -1,    -1,
      65,    66,    67,    68,    69,    70,    71,    -1,    -1,    -1,
      -1,    -1,    -1,    -1,    -1,    -1,    -1,    82,    -1,    -1,
      -1,    -1,    -1,    -1,    -1,    -1,    -1,    -1,    -1,    94,
      95,    -1,    97,    -1,    99,   100,     1,    -1,    -1,    -1,
      -1,   106,   107,   108,   109,    10,    11,    12,    -1,    14,
      15,    16,    17,    18,    -1,    -1,    21,    22,    23,    24,
      25,    -1,    27,    28,    29,    30,    31,    32,    33,    34,
      35,    36,    37,    38,    39,    40,    41,    42,    43,    44,
      45,    -1,    -1,    -1,    49,    50,    51,    52,    53,    -1,
      55,    56,    57,    58,    59,    60,    -1,    -1,    -1,    -1,
      65,    66,    67,    68,    69,    70,    71,    -1,    -1,    -1,
      -1,    -1,    -1,    -1,    -1,    -1,    -1,    82,    -1,    -1,
      -1,    -1,    -1,    -1,    -1,    -1,    -1,    -1,    -1,    94,
      95,    -1,    97,    -1,    99,   100,     1,    -1,    -1,    -1,
      -1,   106,   107,   108,   109,    10,    11,    12,    -1,    14,
      15,    16,    17,    18,    -1,    -1,    21,    22,    23,    24,
      25,    -1,    27,    28,    29,    30,    31,    32,    33,    34,
      35,    36,    37,    38,    39,    40,    41,    42,    43,    44,
      45,    -1,    -1,    -1,    49,    50,    51,    52,    53,    -1,
      55,    56,    57,    58,    59,    60,    -1,    -1,    -1,    -1,
      65,    66,    67,    68,    69,    70,    71,    -1,    -1,    -1,
      -1,    -1,    -1,    -1,    -1,    -1,    -1,    82,    -1,    -1,
      -1,    -1,    -1,    -1,    -1,    -1,    -1,    -1,    -1,    94,
      95,    -1,    97,    -1,    99,   100,     1,    -1,    -1,    -1,
      -1,   106,   107,   108,   109,    10,    11,    12,    -1,    14,
      15,    16,    17,    18,    -1,    -1,    21,    22,    23,    24,
      25,    -1,    27,    28,    29,    30,    31,    32,    33,    34,
      35,    36,    37,    38,    39,    40,    41,    42,    43,    44,
      45,    -1,    -1,    -1,    49,    50,    51,    52,    53,    -1,
      55,    56,    57,    58,    59,    60,    -1,    -1,    -1,    -1,
      65,    66,    67,    68,    69,    70,    71,    -1,    -1,    -1,
      -1,    -1,    -1,    -1,    -1,    -1,    -1,    82,    -1,    -1,
      -1,    -1,    -1,    -1,    -1,    -1,    -1,    -1,    -1,    94,
      95,    -1,    97,    -1,    99,   100,     1,    -1,    -1,    -1,
      -1,   106,   107,   108,   109,    10,    -1,    12,    -1,    14,
      15,    16,    17,    18,    -1,    -1,    21,    22,    23,    24,
      25,    -1,    27,    28,    29,    30,    31,    32,    33,    34,
      35,    36,    37,    38,    39,    40,    41,    42,    43,    44,
      45,    -1,    -1,    -1,    49,    50,    51,    52,    53,    -1,
      55,    56,    57,    58,    59,    60,    -1,    -1,    -1,    -1,
      65,    66,    67,    68,    69,    70,    71,    -1,    -1,    74,
      -1,    -1,    -1,    -1,    -1,    -1,    -1,    82,    -1,    -1,
      -1,    -1,    -1,    -1,    -1,    -1,    -1,    -1,    -1,    94,
      95,    -1,    97,    -1,    99,   100,     1,    -1,    -1,    -1,
      -1,   106,   107,   108,   109,    10,    -1,    12,    -1,    14,
      15,    16,    17,    18,    -1,    -1,    21,    22,    23,    24,
      25,    -1,    27,    28,    29,    30,    31,    32,    33,    34,
      35,    36,    37,    38,    39,    40,    41,    42,    43,    44,
      45,    -1,    -1,    -1,    49,    50,    51,    52,    53,    -1,
      55,    56,    57,    58,    59,    60,    -1,    -1,    -1,    -1,
      65,    66,    67,    68,    69,    70,    71,    -1,    -1,    -1,
      -1,    -1,    -1,    -1,    -1,    -1,    -1,    82,    -1,    -1,
      -1,    -1,    -1,    -1,    -1,    -1,    -1,    -1,    -1,    94,
      95,    -1,    97,    -1,    99,   100,     1,    -1,    -1,    -1,
      -1,   106,   107,   108,   109,    10,    -1,    12,    -1,    14,
      15,    16,    17,    18,    -1,    -1,    21,    22,    23,    24,
      25,    -1,    27,    28,    29,    30,    31,    32,    33,    -1,
      35,    36,    37,    38,    39,    40,    41,    42,    43,    44,
      45,    -1,    -1,    -1,    49,    50,    51,    52,    53,    -1,
      55,    56,    57,    58,    59,    60,    -1,    -1,    -1,    -1,
      65,    66,    67,    68,    69,    70,    71,    -1,    -1,    -1,
      -1,    -1,    -1,    -1,    -1,    -1,    -1,    82,    -1,    -1,
      -1,    -1,    -1,    -1,    -1,    -1,    -1,    -1,    -1,    94,
      95,    -1,    97,    -1,    99,   100,     1,    -1,    -1,    -1,
      -1,   106,   107,   108,   109,    -1,    -1,    12,    -1,    14,
      15,    16,    17,    18,    -1,    -1,    21,    22,    23,    24,
      25,    -1,    27,    28,    29,    30,    31,    32,    -1,    -1,
      -1,    -1,    -1,    38,    39,    -1,    -1,    54,    -1,    -1,
      -1,    -1,    -1,    -1,    61,    62,    63,    64,    53,    -1,
      -1,    56,    57,    58,    59,    60,    -1,    -1,    -1,    -1,
      65,    66,    67,    68,    69,    70,    71,    84,    85,    86,
      87,    88,    89,    90,    91,    92,    93,    82,    -1,    -1,
      -1,    98,    -1,    -1,   101,   102,   103,   104,    -1,    94,
      95,    -1,    97,    -1,    99,   100,     1,    -1,    -1,    -1,
      -1,   106,   107,   108,   109,    -1,    -1,    12,    -1,    14,
      15,    16,    17,    18,    -1,    -1,    21,    22,    23,    24,
      25,    -1,    27,    28,    29,    30,    31,    32,    -1,    -1,
      -1,    -1,    -1,    38,    39,    -1,    -1,    54,    -1,    -1,
      -1,    -1,    -1,    -1,    61,    62,    63,    64,    53,    -1,
      -1,    56,    57,    58,    59,    60,    -1,    -1,    -1,    -1,
      65,    66,    67,    68,    69,    70,    71,    84,    85,    -1,
      87,    88,    89,    90,    91,    92,    93,    82,    -1,    -1,
      -1,    98,    -1,    -1,   101,   102,   103,   104,    -1,    94,
      95,    -1,    97,    -1,    99,   100,    -1,    -1,    -1,    -1,
     105,   106,    -1,   108,   109,    10,    -1,    12,    -1,    14,
      15,    16,    17,    18,    -1,    -1,    21,    22,    23,    24,
      25,    26,    27,    28,    29,    30,    31,    32,    -1,    -1,
      -1,    -1,    -1,    38,    39,    54,    -1,    -1,    -1,    -1,
      -1,    -1,    61,    62,    63,    64,    -1,    -1,    53,    -1,
      -1,    56,    57,    58,    59,    60,    -1,    -1,    -1,    -1,
      65,    66,    67,    68,    69,    70,    71,    -1,    87,    88,
      89,    90,    91,    92,    93,    -1,    -1,    82,    -1,    98,
      -1,    -1,   101,   102,   103,   104,    -1,    -1,    -1,    94,
      95,    -1,    97,    -1,    99,   100,    -1,    -1,    -1,    -1,
      -1,   106,    -1,   108,   109,    10,    -1,    12,    -1,    14,
      15,    16,    17,    18,    -1,    -1,    21,    22,    23,    24,
      25,    -1,    27,    28,    29,    30,    31,    32,    -1,    -1,
      -1,    -1,    -1,    38,    39,    -1,    -1,    -1,    -1,    61,
      62,    63,    64,    -1,    -1,    -1,    -1,    -1,    53,    -1,
      -1,    56,    57,    58,    59,    60,    -1,    -1,    -1,    -1,
      65,    66,    67,    68,    69,    70,    71,    89,    90,    91,
      92,    93,    -1,    -1,    -1,    -1,    98,    82,    -1,   101,
     102,   103,   104,    -1,    -1,    -1,    -1,    -1,    -1,    94,
      95,    -1,    97,    -1,    99,   100,    -1,    61,    62,    63,
      64,   106,    -1,   108,   109,    12,    13,    14,    15,    16,
      17,    18,    -1,    -1,    21,    22,    23,    24,    25,    -1,
      27,    28,    29,    30,    31,    32,    90,    91,    92,    93,
      -1,    38,    39,    -1,    98,    -1,    -1,   101,   102,   103,
     104,    61,    62,    63,    64,    -1,    53,    -1,    -1,    56,
      57,    58,    59,    60,    -1,    -1,    -1,    -1,    65,    66,
      67,    68,    69,    70,    71,    -1,    -1,    -1,    -1,    -1,
      -1,    91,    92,    93,    -1,    82,    -1,    -1,    98,    -1,
      -1,   101,   102,   103,   104,    -1,    -1,    94,    95,    -1,
      97,    -1,    99,   100,    61,    62,    63,    64,    -1,   106,
      -1,   108,   109,    12,    -1,    14,    15,    16,    17,    18,
      -1,    -1,    21,    22,    23,    24,    25,    -1,    27,    28,
      29,    30,    31,    32,    -1,    92,    93,    -1,    -1,    38,
      39,    98,    -1,    -1,   101,   102,   103,   104,    61,    62,
      63,    64,    -1,    -1,    53,    -1,    -1,    56,    57,    58,
      59,    60,    -1,    -1,    -1,    -1,    65,    66,    67,    68,
      69,    70,    71,    -1,    -1,    -1,    -1,    -1,    -1,    92,
      93,    -1,    -1,    82,    -1,    98,    -1,    -1,   101,   102,
     103,   104,    -1,    -1,    -1,    94,    95,    -1,    97,    -1,
      99,   100,    -1,    -1,    -1,    -1,    -1,   106,   107,   108,
     109,    12,    -1,    14,    15,    16,    17,    18,    -1,    -1,
      21,    22,    23,    24,    25,    -1,    27,    28,    29,    30,
      31,    32,    -1,    -1,    -1,    -1,    -1,    38,    39,    42,
      43,    44,    45,    -1,    -1,    -1,    49,    -1,    51,    -1,
      -1,    -1,    53,    -1,    -1,    56,    57,    58,    59,    60,
      -1,    -1,    -1,    -1,    65,    66,    67,    68,    69,    70,
      71,    -1,    -1,    -1,    -1,    -1,    79,    80,    81,    -1,
      -1,    82,    -1,    -1,    -1,    -1,    -1,    -1,    -1,    -1,
      -1,    -1,    -1,    94,    95,    -1,    97,    -1,    99,   100,
      -1,    -1,    -1,    -1,   105,   106,    -1,   108,   109,    12,
      -1,    14,    15,    16,    17,    18,    -1,    -1,    21,    22,
      23,    24,    25,    -1,    27,    28,    29,    30,    31,    32,
      -1,    -1,    -1,    -1,    -1,    38,    39,    -1,    -1,    -1,
      -1,    -1,    -1,    -1,    -1,    -1,    -1,    -1,    -1,    -1,
      53,    -1,    -1,    56,    57,    58,    59,    60,    -1,    -1,
      -1,    -1,    65,    66,    67,    68,    69,    70,    71,    -1,
      -1,    -1,    -1,    -1,    -1,    -1,    -1,    -1,    -1,    82,
      -1,    -1,    -1,    -1,    -1,    -1,    -1,    -1,    -1,    -1,
      -1,    94,    95,    -1,    97,    -1,    99,   100,    -1,    -1,
      -1,    -1,   105,   106,    -1,   108,   109,    12,    -1,    14,
      15,    16,    17,    18,    -1,    -1,    21,    22,    23,    24,
      25,    -1,    27,    28,    29,    30,    31,    32,    -1,    -1,
      -1,    -1,    -1,    38,    39,    -1,    -1,    -1,    -1,    -1,
      -1,    -1,    -1,    -1,    -1,    -1,    -1,    -1,    53,    -1,
      -1,    56,    57,    58,    59,    60,    -1,    -1,    -1,    -1,
      65,    66,    67,    68,    69,    70,    71,    -1,    -1,    -1,
      -1,    -1,    -1,    -1,    -1,    -1,    -1,    82,    -1,    -1,
      -1,    -1,    -1,    -1,    -1,    -1,    -1,    -1,    -1,    94,
      95,    -1,    97,    -1,    99,   100,    -1,    -1,    -1,    -1,
     105,   106,    -1,   108,   109,    12,    -1,    14,    15,    16,
      17,    18,    -1,    -1,    21,    22,    23,    24,    25,    -1,
      27,    28,    29,    30,    31,    32,    -1,    -1,    -1,    -1,
      -1,    38,    39,    -1,    -1,    -1,    -1,    -1,    -1,    -1,
      -1,    -1,    -1,    -1,    -1,    -1,    53,    -1,    -1,    56,
      57,    58,    59,    60,    -1,    -1,    -1,    -1,    65,    66,
      67,    68,    69,    70,    71,    -1,    -1,    -1,    -1,    -1,
      -1,    -1,    -1,    -1,    -1,    82,    -1,    -1,    -1,    -1,
      -1,    -1,    -1,    -1,    -1,    -1,    -1,    94,    95,    -1,
      97,    -1,    99,   100,    -1,    -1,    -1,    -1,   105,   106,
      -1,   108,   109,    12,    -1,    14,    15,    16,    17,    18,
      -1,    -1,    21,    22,    23,    24,    25,    -1,    27,    28,
      29,    30,    31,    32,    -1,    -1,    -1,    -1,    -1,    38,
      39,    -1,    -1,    -1,    -1,    -1,    -1,    -1,    -1,    -1,
      -1,    -1,    -1,    -1,    53,    -1,    -1,    56,    57,    58,
      59,    60,    -1,    -1,    -1,    -1,    65,    66,    67,    68,
      69,    70,    71,    -1,    -1,    -1,    -1,    -1,    -1,    -1,
      -1,    -1,    -1,    82,    -1,    -1,    -1,    -1,    -1,    -1,
      -1,    -1,    -1,    -1,    -1,    94,    95,    -1,    97,    -1,
      99,   100,    -1,    -1,    -1,    -1,   105,   106,    -1,   108,
     109,    12,    -1,    14,    15,    16,    17,    18,    -1,    -1,
      21,    22,    23,    24,    25,    -1,    27,    28,    29,    30,
      31,    32,    -1,    -1,    -1,    -1,    -1,    38,    39,    -1,
      -1,    -1,    -1,    -1,    -1,    -1,    -1,    -1,    -1,    -1,
      -1,    -1,    53,    -1,    -1,    56,    57,    58,    59,    60,
      -1,    -1,    -1,    -1,    65,    66,    67,    68,    69,    70,
      71,    -1,    -1,    -1,    -1,    -1,    -1,    -1,    -1,    -1,
      -1,    82,    -1,    -1,    -1,    -1,    -1,    -1,    -1,    -1,
      -1,    -1,    -1,    94,    95,    -1,    97,    -1,    99,   100,
      -1,    -1,    -1,    -1,   105,   106,    -1,   108,   109,    12,
      -1,    14,    15,    16,    17,    18,    -1,    -1,    21,    22,
      23,    24,    25,    -1,    27,    28,    29,    30,    31,    32,
      -1,    -1,    -1,    -1,    -1,    38,    39,    -1,    -1,    -1,
      -1,    -1,    -1,    -1,    -1,    -1,    -1,    -1,    -1,    -1,
      53,    -1,    -1,    56,    57,    58,    59,    60,    -1,    -1,
      -1,    -1,    65,    66,    67,    68,    69,    70,    71,    -1,
      -1,    -1,    -1,    -1,    -1,    -1,    -1,    -1,    -1,    82,
      -1,    -1,    -1,    -1,    -1,    -1,    -1,    -1,    -1,    -1,
      -1,    94,    95,    -1,    97,    -1,    99,   100,    -1,    -1,
      -1,    -1,   105,   106,    -1,   108,   109,    12,    -1,    14,
      15,    16,    17,    18,    -1,    -1,    21,    22,    23,    24,
      25,    -1,    27,    28,    29,    30,    31,    32,    -1,    -1,
      -1,    -1,    -1,    38,    39,    -1,    -1,    -1,    -1,    -1,
      -1,    -1,    -1,    -1,    -1,    -1,    -1,    -1,    53,    -1,
      -1,    56,    57,    58,    59,    60,    -1,    -1,    -1,    -1,
      65,    66,    67,    68,    69,    70,    71,    -1,    -1,    -1,
      -1,    -1,    -1,    -1,    -1,    -1,    -1,    82,    -1,    -1,
      -1,    -1,    -1,    -1,    -1,    -1,    -1,    -1,    -1,    94,
      95,    -1,    97,    -1,    99,   100,    -1,    -1,    -1,    -1,
      -1,   106,    -1,   108,   109,    12,    -1,    14,    15,    16,
      17,    18,    -1,    -1,    21,    22,    23,    24,    25,    -1,
      27,    28,    29,    30,    31,    32,    -1,    -1,    -1,    -1,
      -1,    38,    39,    -1,    -1,    -1,    -1,    -1,    -1,    -1,
      -1,    -1,    -1,    -1,    -1,    -1,    53,    -1,    -1,    56,
      57,    58,    59,    60,    -1,    -1,    -1,    -1,    65,    66,
      67,    68,    69,    70,    71,    -1,    -1,    -1,    -1,    -1,
      -1,    -1,    -1,    -1,    -1,    82,    -1,    -1,    -1,    -1,
      -1,    -1,    -1,    -1,    -1,    -1,    -1,    94,    95,    -1,
      97,    -1,    99,   100,    -1,    -1,    -1,    -1,    -1,   106,
      -1,   108,   109
};

  /* YYSTOS[STATE-NUM] -- The (internal number of the) accessing
     symbol of state STATE-NUM.  */
static const yytype_uint8 yystos[] =
{
       0,     3,     4,     5,     6,     7,     8,     9,   112,   113,
     114,   115,   116,   117,   118,   119,     0,   122,    12,    14,
      15,    16,    17,    18,    21,    22,    23,    24,    25,    27,
      28,    29,    30,    31,    32,    38,    39,    53,    56,    57,
      58,    59,    60,    65,    66,    67,    68,    69,    70,    71,
      82,    94,    95,    97,    99,   100,   106,   108,   109,   172,
     173,   174,   177,   178,   179,   180,   181,   182,   183,   185,
     188,   194,   195,   196,   197,   198,   199,   200,   201,   202,
      10,   120,     1,    33,    35,    36,    37,    40,    41,    42,
      43,    44,    45,    49,    50,    51,    52,    55,   107,   120,
     129,   139,   172,    34,   127,   128,   129,   125,   166,   167,
     125,    13,   172,   183,   183,    21,    26,   120,   195,   203,
     203,   203,   203,   203,   184,    12,   106,   183,   150,   150,
     150,   183,   106,   106,    75,   106,   120,   183,    21,   173,
     187,   195,   203,   203,   120,   183,   107,   172,    21,    26,
     152,   183,    97,   106,   186,   195,   196,   197,   183,   173,
     183,   183,   183,   183,   183,   105,   172,   203,   203,    79,
      80,    81,    83,    10,    12,   106,    13,    54,    61,    62,
      63,    64,    84,    85,    87,    88,    89,    90,    91,    92,
      93,    98,   101,   102,   103,   104,   106,    10,    12,    10,
      12,    10,    12,    10,   122,   151,   152,   152,    21,   149,
     106,   106,   106,   106,    70,    97,   106,   193,   195,   106,
     106,   120,   107,    48,   141,   107,    42,    43,    44,    45,
      49,    51,   128,   129,   127,    16,    17,   108,   157,   158,
     160,   161,   162,   163,    13,   187,   106,    75,   172,   105,
     120,    24,   153,    72,   154,   105,   105,   172,   188,   188,
     203,   173,    11,   107,   187,   106,   183,   186,   195,   196,
     197,   105,   172,    72,   155,    12,   105,   172,   172,   172,
     183,   172,   172,   105,   172,    77,   183,   183,   183,   183,
     183,   183,   183,   183,   183,   183,   183,   183,   183,   183,
     183,    10,    12,    16,    17,    18,    22,    65,   106,   108,
     109,   176,   195,   105,   172,   172,   172,   172,   172,   172,
     172,   172,   125,    21,   148,   149,   149,    21,   132,   122,
     122,   122,   122,    97,   122,    70,   191,   192,   194,   195,
     196,   197,   122,   122,   106,   122,   122,   120,   172,   145,
     172,   172,   172,   172,   172,    26,   156,   156,    83,   188,
     173,    13,   175,   154,    24,   122,   171,   105,    76,   105,
     172,    11,   105,   172,   155,   105,    24,   172,    12,   107,
      13,   105,    86,   172,   172,   109,   109,   109,   109,   105,
     172,   109,   109,   106,   105,   107,    13,   107,   107,    13,
     107,    11,    19,   121,   130,   131,    10,   107,    21,   144,
     172,   145,   146,   172,   146,   190,   195,   106,   139,   143,
     146,   147,   172,   191,   122,   146,   146,    84,   159,   159,
     161,   105,   110,   189,   187,   122,   169,   106,   164,   165,
     105,   105,    13,   172,    11,   183,   107,    13,   105,   188,
      11,    11,    11,    11,   122,   153,   154,   122,    21,   105,
     105,   105,   105,   106,   122,   105,   107,   135,   146,   105,
     105,   183,   172,    76,    10,   166,    10,    13,    11,   105,
     107,   154,   107,   170,   171,   136,   187,   142,   142,    10,
     123,   123,   146,   146,   123,   133,   106,   105,   123,   123,
     125,   105,   125,    74,   107,   168,   169,   125,   107,   123,
     123,   124,    46,    47,   140,   140,   105,   105,   141,   144,
     146,   123,    11,    11,   126,    11,   141,   141,   125,   123,
     106,   123,   123,   107,   105,   141,    24,   107,   137,    11,
     146,   141,   141,   134,   123,    73,   138,    20,   105,   142,
     141,   125,   123,   147,    74,   140,   105,   123
};

  /* YYR1[YYN] -- Symbol number of symbol that rule YYN derives.  */
static const yytype_uint8 yyr1[] =
{
       0,   111,   113,   112,   114,   112,   115,   112,   116,   112,
     117,   112,   118,   112,   119,   112,   120,   121,   122,   123,
     124,   125,   125,   126,   126,   127,   127,   128,   128,   129,
     129,   130,   129,   131,   129,   129,   132,   129,   129,   129,
     129,   129,   129,   129,   129,   133,   134,   129,   129,   129,
     135,   129,   129,   129,   129,   136,   129,   129,   129,   129,
     137,   138,   138,   139,   139,   139,   139,   139,   139,   139,
     139,   140,   140,   140,   141,   141,   142,   143,   143,   144,
     144,   145,   146,   147,   148,   148,   149,   150,   151,   152,
     152,   153,   153,   154,   154,   154,   155,   155,   156,   156,
     157,   157,   158,   159,   159,   159,   160,   161,   161,   162,
     162,   162,   163,   163,   164,   164,   165,   167,   166,   168,
     168,   169,   170,   170,   171,   172,   172,   172,   172,   173,
     173,   173,   174,   174,   174,   174,   174,   174,   174,   174,
     174,   175,   174,   176,   176,   177,   177,   177,   177,   177,
     177,   177,   177,   177,   177,   177,   177,   177,   177,   178,
     178,   178,   178,   178,   178,   178,   178,   178,   178,   178,
     178,   178,   178,   179,   179,   179,   179,   179,   179,   179,
     179,   179,   180,   180,   180,   180,   180,   180,   181,   181,
     182,   183,   183,   183,   183,   183,   183,   183,   183,   183,
     183,   183,   183,   183,   183,   183,   183,   183,   183,   183,
     183,   183,   183,   183,   183,   183,   183,   183,   183,   183,
     183,   183,   183,   183,   183,   183,   183,   183,   183,   183,
     183,   183,   183,   183,   183,   183,   183,   183,   183,   183,
     184,   183,   183,   183,   183,   185,   185,   185,   186,   186,
     186,   186,   186,   187,   187,   188,   188,   189,   189,   190,
     191,   191,   191,   192,   192,   193,   193,   194,   195,   196,
     197,   198,   198,   199,   200,   200,   201,   201,   202,   202,
     203,   203,   203,   203
};

  /* YYR2[YYN] -- Number of symbols on the right hand side of rule YYN.  */
static const yytype_uint8 yyr2[] =
{
       0,     2,     0,     4,     0,     3,     0,     3,     0,     3,
       0,     3,     0,     3,     0,     3,     4,     7,     0,     4,
       0,     0,     2,     0,     2,     1,     1,     2,     2,     1,
       4,     0,     7,     0,     6,     4,     0,     7,     7,     7,
       6,     6,     2,     8,     8,     0,     0,    13,     9,     8,
       0,    10,     9,     7,     2,     0,     8,     2,     2,     1,
       2,     0,     3,     1,     1,     3,     3,     3,     3,     3,
       3,     0,     2,     6,     0,     2,     0,     0,     1,     0,
       1,     1,     1,     1,     1,     0,     0,     0,     0,     1,
       1,     0,     1,     0,     2,     1,     2,     1,     0,     1,
       1,     1,     3,     0,     1,     2,     3,     1,     1,     2,
       3,     1,     0,     1,     0,     1,     3,     0,     2,     1,
       1,     4,     1,     1,     5,     3,     3,     3,     1,     2,
       3,     1,     3,     5,     6,     3,     3,     5,     2,     4,
       4,     0,     5,     1,     1,     5,     4,     5,     4,     5,
       6,     5,     4,     5,     4,     3,     6,     4,     5,     3,
       3,     3,     3,     3,     3,     3,     3,     3,     3,     3,
       3,     3,     3,     2,     2,     2,     2,     2,     2,     2,
       2,     2,     3,     2,     4,     3,     5,     4,     2,     2,
       3,     1,     1,     1,     1,     5,     2,     3,     1,     2,
       3,     1,     2,     1,     1,     1,     1,     1,     1,     3,
       4,     5,     5,     1,     1,     3,     4,     3,     4,     4,
       4,     4,     4,     1,     2,     2,     1,     2,     2,     1,
       2,     1,     2,     1,     3,     1,     3,     1,     3,     4,
       0,     6,     1,     1,     1,     3,     2,     4,     3,     2,
       1,     1,     1,     0,     1,     0,     1,     0,     2,     1,
       1,     1,     1,     1,     1,     2,     2,     2,     2,     2,
       2,     2,     4,     2,     1,     3,     1,     3,     1,     3,
       1,     1,     1,     1
};

typedef enum {
	toketype_ival, toketype_opval
} toketypes;

/* type of each token/terminal */
static const toketypes yy_type_tab[] =
{
  toketype_ival, toketype_ival, toketype_ival, toketype_ival, toketype_ival, toketype_ival,
  toketype_ival, toketype_ival, toketype_ival, toketype_ival, toketype_ival,
  toketype_ival, toketype_ival, toketype_ival, toketype_ival, toketype_ival, toketype_ival, toketype_ival, toketype_ival, toketype_ival, toketype_ival,
  toketype_opval, toketype_opval, toketype_opval, toketype_opval, toketype_opval, toketype_opval,
  toketype_opval, toketype_opval, toketype_opval, toketype_opval, toketype_opval, toketype_opval,
  toketype_opval, toketype_opval, toketype_ival, toketype_ival, toketype_ival, toketype_ival, toketype_ival,
  toketype_ival, toketype_ival, toketype_ival, toketype_ival, toketype_ival, toketype_ival, toketype_ival, toketype_ival,
  toketype_ival, toketype_ival, toketype_ival, toketype_ival, toketype_ival, toketype_ival, toketype_ival,
  toketype_ival, toketype_ival, toketype_ival, toketype_ival, toketype_ival, toketype_ival, toketype_ival, toketype_ival,
  toketype_ival, toketype_ival, toketype_ival, toketype_ival, toketype_ival, toketype_ival, toketype_ival, toketype_ival,
  toketype_ival, toketype_ival, toketype_ival, toketype_ival, toketype_ival,
  toketype_ival, toketype_ival, toketype_ival, toketype_ival, toketype_ival, toketype_ival, toketype_ival,
  toketype_ival, toketype_ival, toketype_ival, toketype_ival, toketype_ival, toketype_ival, toketype_ival, toketype_ival,
  toketype_ival, toketype_ival, toketype_ival, toketype_ival, toketype_ival, toketype_ival, toketype_ival,
  toketype_ival, toketype_ival, toketype_ival, toketype_ival, toketype_ival, toketype_ival, toketype_ival,
  toketype_ival, toketype_ival, toketype_ival, toketype_ival, toketype_ival, toketype_ival, toketype_ival, toketype_ival, toketype_ival,
  toketype_ival, toketype_ival, toketype_ival, toketype_ival, toketype_ival, toketype_ival, toketype_opval, toketype_opval, toketype_ival,
  toketype_opval, toketype_ival, toketype_opval, toketype_opval, toketype_opval,
  toketype_opval, toketype_opval, toketype_ival, toketype_ival, toketype_ival, toketype_ival, toketype_ival, toketype_ival,
  toketype_ival, toketype_opval, toketype_opval, toketype_opval, toketype_opval, toketype_opval, toketype_ival,
  toketype_opval, toketype_opval, toketype_opval, toketype_opval, toketype_opval, toketype_opval, toketype_ival,
  toketype_ival, toketype_ival, toketype_opval, toketype_opval, toketype_opval,
  toketype_opval, toketype_opval, toketype_ival, toketype_opval,
  toketype_opval, toketype_opval, toketype_opval, toketype_opval, toketype_opval,
  toketype_opval, toketype_opval, toketype_opval, toketype_ival, toketype_opval,
  toketype_opval, toketype_opval, toketype_opval, toketype_opval, toketype_opval, toketype_opval,
  toketype_ival, toketype_opval, toketype_opval, toketype_opval, toketype_opval, toketype_opval,
  toketype_opval, toketype_opval, toketype_opval, toketype_ival, toketype_opval, toketype_opval,
  toketype_opval, toketype_opval, toketype_opval, toketype_opval, toketype_opval,
  toketype_opval, toketype_ival, toketype_opval, toketype_opval, toketype_opval, toketype_opval, toketype_opval,
  toketype_opval, toketype_opval, toketype_opval, toketype_opval, toketype_opval
};

/* Generated from:
 * b4a5a91b662de2168032743956d41861829ce25fefb97e96842f82b101b0f816 perly.y
 * 0947213b55d0ed11693554bea04987e886cf285f5c14cf9075fa1e7acc3f4061 regen_perly.pl
 * ex: set ro: */
